HEBP1_GRM7,0.0
DCN_EGFR,0.0012794363590378595
DCN_ERBB4,0.0007945046145267125
GRN_TNFRSF1A,0.6395233263597326
GRN_SORT1,0.11041990590239575
GRN_TNFRSF1B,0.4693894551391684
GRN_CLEC4M,0.2538493222472708
GRN_EGFR,0.029922788639727686
UTS2_UTS2R,0.0
ICAM3_CLEC4M,0.04523767873925821
ICAM3_ITGB2,0.0037084430840346877
ICAM3_CD209,0.06767674099285906
ICAM3_ITGAD,0.0
CEACAM1_CD209,0.026099163652073765
CEACAM1_SELE,0.011467770584804492
CEACAM1_EGFR,0.002226029280309566
FGF4_FGFR2,0.0
FGF4_FGFR3,0.0
NTN1_UNC5D,0.0
NTN1_DCC,0.0
NTN1_UNC5A,0.00032065941082472937
NTN1_ADORA2B,6.401369953516719e-05
NTN1_UNC5C,0.000576586678757772
NTN1_NEO1,0.0
SCT_ADCYAP1R1,0.0
SCT_VIPR1,0.0
SCT_ADRB3,0.0
SCT_GPR84,0.0
FGF20_FGFR3,0.0002123199590635547
FGF20_FGFR2,0.001623262275179779
DLL3_NOTCH2,0.0
DLL3_NOTCH3,0.0
VCL_ITGB5,0.005578325449915857
EFNA2_EPHA7,0.0
EFNA2_EPHA10,0.0
EFNA2_EPHA3,0.0
EFNA2_EPHA6,0.0
EFNA2_EPHA4,0.0
EFNA2_EPHA2,0.0
MADCAM1_ITGA4,0.0
MADCAM1_ITGB7,0.0
TCN2_CNR1,0.0
LGALS1_PTPRC,0.049209827369783715
NID2_COL13A1,0.0005937561837065124
RSPO4_LGR4,0.0
RSPO4_LGR5,0.0
OXT_AVPR1A,0.0
OXT_OXTR,0.0
TIMP1_FGFR2,0.18540500500403528
MMP2_PECAM1,0.0659582649793562
MMP2_SDC2,0.0008727527513254717
CCL17_CCR4,0.0
CCL17_CCR8,0.0002975400411135874
DKK4_LRP6,0.0
LHB_LHCGR,0.0
LHB_VIPR1,6.547260204813515e-05
LHB_ADCYAP1R1,0.0
LHB_GPR84,0.0
LHB_ADRB3,6.424470448706977e-05
AMH_EGFR,0.0
AMH_ACVR1,0.0
AMH_AMHR2,0.0
COMP_CD36,0.0
COMP_ITGB3,0.0
LAMB1_ITGA7,0.0014502383146520602
LAMB1_ITGA2,0.028940743606620987
LAMB1_ITGA3,0.01754673528167447
WNT16_FZD6,0.0
PDAP1_PDGFRB,0.011544908699651697
C5_GRM7,0.0
C5_C5AR2,0.002888017020869913
C5_C5AR1,0.012886525979007782
WNT3_RYK,0.0
WNT3_ROR2,0.0
WNT3_FZD5,0.0
WNT3_LRP6,0.0
CCL2_CCR4,0.0
CCL2_CCR1,0.0
CCL2_CCR10,0.00344974775775161
CCL2_CCR3,0.0
COL1A1_CD93,0.03590676093251139
COL1A1_DDR2,0.0048979532575433036
COL1A1_ITGA11,0.001323126715507594
COL1A1_ITGA2,0.02656686867456242
COL1A1_CD36,0.03365240059406924
COL1A1_DDR1,0.00550261624900272
EFNB3_RHBDL2,0.0017985133914909448
EFNB3_EPHA4,0.0009657308178828947
EFNB3_EPHB2,0.0005785100691114682
EFNB3_EPHB6,0.0
VTN_ITGB5,0.0001919133812535704
VTN_ITGA8,0.0003921192829229511
VTN_CD47,0.003951463560825277
VTN_KDR,0.004211443259606623
VTN_ITGA2B,0.0001649671628022734
VTN_TNFRSF11B,0.00026798825952342373
VTN_ITGB8,0.0015627191737105622
VTN_ITGB6,0.0
VTN_ITGB3,0.0015392069584619136
VTN_ITGA3,0.0018786605644685564
CXCL6_CXCR2,0.0010130662785593986
CXCL6_GRM7,0.0
IL2_IL2RG,0.0
IL2_CD53,0.0
APOC3_LDLR,0.0
APOC3_SDC2,0.0
APOC3_LRP1,0.0
KITLG_KIT,0.00021876777587942145
CLEC2B_KLRF1,0.006192601772004288
IL23A_IL12RB1,0.010864954677406608
IL23A_IL12RB2,0.0005146185885755818
FGF6_FGFR2,0.0
FGF6_FGFR3,0.0
IL26_IL10RB,0.0025615487741974465
IL26_IL20RA,0.0
IFNG_IFNGR2,0.008498051558533849
IFNG_IFNGR1,0.00932983125498495
GNB3_GABBR2,6.425815220890425e-05
ULBP1_KLRK1,0.004110777005679361
LAMA4_ITGA3,0.06537917599801382
HBEGF_CD82,0.1746958802778123
HBEGF_ERBB2,0.011822094282353795
HBEGF_EGFR,0.011490068009042006
HBEGF_ERBB4,0.006969130112172876
HBEGF_CD9,0.2856771972733288
LTF_LRP1,0.0
TFPI_LRP1,0.0023132038712261054
TFPI_F3,0.018655253815812633
WNT6_FZD4,0.0034305117766001165
ANGPTL1_TEK,0.00282484403722311
TGFB3_ITGB6,0.0
TGFB3_ITGB3,0.005029301364247922
TGFB3_TGFBR2,0.014938830270022742
TGFB3_ITGB5,0.0005446628217224891
IFNA7_IFNAR2,0.0
IFNA7_IFNAR1,0.0
IAPP_RAMP1,0.007104919039342021
IAPP_CALCR,0.006667076144000138
IAPP_GPR84,0.0
IAPP_ADRB3,0.006357133667569368
IAPP_ADCYAP1R1,0.0
IAPP_VIPR1,0.006462915710689056
TNFSF10_TNFRSF11B,0.019082205989765327
TNFSF10_TNFRSF10B,0.3021893907807517
TNFSF10_TNFRSF10D,0.13493572984180902
TNFSF10_RIPK1,0.1277920860110892
EREG_ERBB3,0.041842886068236426
EREG_ERBB4,0.010070886489595875
EREG_EGFR,0.015816421964640268
EREG_ERBB2,0.016043916614865115
EFNB2_EPHB2,0.000585488216202679
EFNB2_EPHA4,0.0009817269691521345
EFNB2_EPHA6,0.0
EFNB2_EPHA3,6.4145066548117e-05
EFNB2_EPHB6,0.0
EFNB2_PECAM1,0.004347579493291292
EFNB2_RHBDL2,0.0018165673269769829
EFNB2_GRM1,6.427049753141686e-05
BMP4_BMPR1A,0.0
BMP4_LRP6,0.0
PSPN_GFRA3,0.0
PSPN_SDC3,0.0
PSPN_GFRA4,0.0
TNFSF9_TNFRSF9,0.03859984578412798
C3_CD46,0.23993533047312537
C3_ITGAX,0.05891049409762953
C3_CR1,0.059323686253952186
C3_ITGAM,0.00854993719139686
C3_C5AR2,0.016665103114628127
C3_LRP1,0.011822314242740398
C3_GRM7,0.0
C3_ITGB2,0.008183591876472714
VASP_CXCR2,0.044511320959599754
DLL4_NOTCH3,0.0
DLL4_NOTCH2,0.0011010516350182823
TPH1_HTR7,0.0
TPH1_HTR1A,0.0
TPH1_HTR1D,0.0
TPH1_HTR2C,0.0
TPH1_HTR2B,0.0
TPH1_HTR4,0.0
TPH1_HTR6,0.0
APOE_SORL1,0.0048956021023306255
APOE_SCARB1,0.1090454852890652
APOE_LRP4,0.0
APOE_LDLR,0.28595731679073405
APOE_LRP8,0.023993722762450605
APOE_LRP6,0.12631156435018207
APOE_SDC2,0.005490753362893596
APOE_LRP1,0.015059327417796822
NCAN_SDC3,0.0
BST2_LILRA4,0.009112127294880652
F12_CD93,0.00850636549069723
F12_GP1BA,0.0017873608114922508
CRP_CR1,0.0
TSHB_VIPR1,0.0
TSHB_ADCYAP1R1,0.0
TSHB_GPR84,0.0
TSHB_ADRB3,0.0
DSC1_DSG3,0.0409171456181678
LACRT_SDC1,6.430402566091262e-05
GDF11_BMPR1A,0.00030174681082554785
GDF11_ACVR1B,0.0013829733312204348
GDF11_ACVR2B,0.002393265479129194
IL1RN_IL1R1,0.19860440557853853
IL36A_IL36RN,0.0
CCL21_GRM7,0.0
CCL21_CCR7,0.00021722932957437624
MMP7_CD151,0.0035164027771343105
MMP7_SDC1,6.502678196633429e-05
MMP7_ERBB4,0.00012880331824405012
THBS1_ITGA4,0.005851106839109074
THBS1_LRP1,0.007989125574085513
THBS1_SDC1,0.0030106301574992513
THBS1_ITGB3,0.06185896308907066
THBS1_CD36,0.1738892867806694
THBS1_SCARB1,0.05576572458071258
THBS1_ITGA2B,0.006631934548487413
THBS1_TNFRSF11B,0.01078787784357741
THBS1_CD47,0.15902225788635688
THBS1_ITGA3,0.07545458923514474
MSTN_ACVR2B,0.0
VWF_LRP1,0.0005782291952611307
VWF_ITGB3,0.0037421100126599867
VWF_GP1BA,0.002189525420269004
VWF_ITGA2B,0.00039476201783202557
VWF_TNFRSF11B,0.0005981096524997573
VWF_SELP,0.0038397805085178707
VWF_SCARA5,0.000580871946398262
VWF_STAB2,0.005193870676120945
VWF_SIRPA,0.00734449566464637
CDH1_KLRG1,0.07246824301038672
CDH1_ITGAE,0.06791698958421594
CDH1_PTPRM,0.1821758861212295
CDH1_ERBB3,0.03625237119809163
CDH1_ITGB7,0.013706896347184427
CDH1_EGFR,0.013615910409385196
TIMP2_ITGA3,0.10581811455339034
IL1A_IL1R1,0.04636960388357309
IL1B_IL1R1,0.21838045848484705
IL1B_SIGIRR,0.16563096653725026
IL7_IL7R,0.002727783503938662
IL7_IL2RG,0.015441336725605319
CKLF_CCR4,0.0
CKLF_LRP6,0.09904531019699954
FARP2_PLXNA1,0.024073371743085558
FARP2_PLXNA3,0.001694342541518286
LAMC2_CD151,0.18625398535164567
LAMC2_ITGA2,0.13919297487732826
LAMC2_COL17A1,0.024567598300959382
LAMC2_ITGA3,0.08373673107429556
NID1_ITGA3,0.027800615661344934
NID1_ITGB3,0.022264569251320646
NID1_COL13A1,0.004880911407853029
NMU_GRM7,0.0
NMU_NMUR1,0.0
NMU_NMUR2,0.0
FGF2_SDC3,0.023177047589547677
FGF2_SDC2,0.0009620575135774127
FGF2_SDC1,0.0009628396088118496
FGF2_FGFR3,0.0028904982216950495
FGF2_FGFR2,0.0230857436189931
FGF2_GPC4,0.0
FGF10_FGFR2,0.0
OLFM2_ROBO2,0.00013130902823954015
F13A1_ITGA9,0.08633371270186313
F13A1_ITGA4,0.00916076277900406
KNG1_ITGAM,0.0010408284317448967
KNG1_SDC2,0.0005181301153029058
KNG1_CD93,0.027184082396480996
KNG1_GP1BA,0.005837611385634373
KNG1_GRM7,0.0
KNG1_ITGB2,0.0010337653026635965
KNG1_BDKRB1,0.0
KNG1_RXFP4,0.0005408430970787335
EGF_FSHR,0.0
EGF_AXL,0.10114271411122441
EGF_EGFR,0.006760372766377953
EGF_ERBB4,0.004488583531683285
EGF_ERBB2,0.006769182223505249
EGF_RHBDL2,0.06301604525318615
EGF_LDLR,0.10595682433952718
EGF_ERBB3,0.018014717699845983
WNT2_FZD4,0.0
WNT2_FZD2,0.0
WNT2_LRP6,0.0
WNT2_FZD5,0.0
WNT2_FZD3,0.0
WNT2_FZD9,0.0
NPTX2_NPTXR,0.0013190637456660969
GAL_GALR1,0.0
GAL_GALR3,0.0
GAL_GRM7,0.0
ADAM2_ITGB7,0.00019948249904807095
ADAM2_CD9,0.003908443437069339
ADAM2_ITGA9,0.0011248081082468131
ADAM28_ITGA4,0.009743776208972642
INHBE_ACVR2B,0.01797067171008587
DHH_PTCH1,0.0
DHH_BOC,0.0
DHH_CDON,0.0
DHH_PTCH2,0.0
NPFF_NPFFR1,0.0
NPFF_NPFFR2,0.005971743780015508
FGF7_FGFR2,0.0031516153137683264
FGF7_FGFR3,0.0004025277358116298
MFGE8_PDGFRB,0.002372749194835681
MFGE8_ITGB3,0.024004165672956195
CGN_F11R,0.0037782347645367253
CGN_TGFBR2,0.0037324900578190948
REN_ATP6AP2,0.0
GDF7_BMPR1A,0.0
CALM2_SELL,0.09675340267832784
CALM2_EGFR,0.028248146619441278
CALM2_GRM7,0.0
CALM2_TRPC5,0.0
CALM2_CACNA1C,0.12564403014930883
CALM2_KCNQ3,0.009836991666682449
CALM2_MYLK,0.1741365391495065
CALM2_PDE1A,0.14350834814990907
CALM2_PDE1C,0.0
CALM2_GP6,0.1265537130316244
CALM2_AQP6,0.27969451547247914
CALM2_SCN10A,0.0
CALM2_AQP1,0.4553726240965576
CALM2_SCN4A,0.06738419039801648
NXPH2_NRXN1,0.0
UCN2_IL10RB,0.002721929628660414
UCN2_CRHR2,6.432077176596664e-05
UCN2_CRHR1,0.0
SFRP2_FZD5,0.0007974891876219078
IL9_IL2RG,0.0
IL9_IL9R,0.0
FGF18_FGFR3,0.0
FGF18_FGFR2,0.0
LIN7C_HTR2C,0.0
LIN7C_KCNJ4,0.0
SERPING1_SELP,0.16670908876475765
SERPING1_SELE,0.13093471315446487
GPHA2_EPHA6,0.0
IL18_IL18R1,0.005027757730555386
IL18_IL18BP,0.16506647916501327
IL18_IL18RAP,0.0
PTH_LRP6,0.0
PTH_ADRB3,0.0
PTH_GPR84,0.0
PTH_ADCYAP1R1,0.0
PTH_VIPR1,0.0
BMP3_ACVR2B,0.021382462464111667
BMP3_BMPR1A,0.002403609035723381
WNT3A_LGR5,0.0
WNT3A_LRP1,0.00019357022626345717
WNT3A_LRP6,0.0014570823874104212
WNT3A_FZD6,0.002675576865274182
WNT3A_FZD2,0.0018219395082855546
WNT3A_FZD5,0.0007245161503926512
WNT3A_RYK,0.0009485505142563297
WNT3A_ATP6AP2,0.00327666799517081
WNT3A_FZD3,0.0029754623647187256
APP_FPR2,0.003763608866510659
APP_RPSA,0.2974600144040021
APP_TNFRSF21,0.08377677686764781
APP_AGER,0.008426607188160178
APP_PTGER2,0.0
APP_APLP2,0.2844347714488548
APP_LRP6,0.08494901162946018
APP_SORL1,0.003554763076223276
APP_LRP1,0.01079930227955217
APP_NOTCH2,0.06912453066231783
APP_GRM7,0.0
APP_DCC,0.0
WNT7A_LDLR,0.0
WNT7A_LRP6,0.0
WNT7A_FZD5,0.0
WNT7A_FZD10,0.0
WNT7A_FZD9,0.0
DKK2_LRP6,0.007270284816143016
WIF1_RYK,0.0
CXCL13_CXCR5,6.403430529913237e-05
CXCL13_CCR10,6.431247672456698e-05
CXCL13_GRM7,0.0
GDF6_BMPR1A,6.419001636000831e-05
NODAL_ACVR1B,0.0
NODAL_ACVR2B,0.0
NODAL_SMAD3,0.0
NODAL_ACVR1C,0.0
SST_SSTR2,0.0
SST_SSTR3,0.0
SST_GRM7,0.0
CALM3_AR,0.0
CALM3_SCN4A,0.039381778844404414
CALM3_AQP1,0.24269102930066547
CALM3_AQP6,0.18292719655316123
CALM3_GP6,0.08419820999444359
CALM3_SCN10A,0.0
CALM3_PDE1C,0.0
CALM3_PDE1A,0.08447986716241465
CALM3_KCNQ3,0.006089505531236389
CALM3_MYLK,0.1058715139168162
CALM3_CACNA1C,0.08114568040319686
CALM3_TRPC5,0.0
CALM3_SELL,0.05760206926162256
CALM3_GRM7,0.0
CALM3_EGFR,0.017838915747488665
TFF1_FCRL4,6.473104162629143e-05
S100A1_AGER,0.002644910470336574
S100A1_TRPM3,0.006588969019398784
S100A1_RYR1,0.0036586712096570713
S100A1_TLR4,0.037887429901731294
SCGB3A1_NOTCH3,0.0
SCGB3A1_MARCO,0.0
HCRT_HCRTR1,0.0
HCRT_NPFFR2,0.0
SHANK1_SSTR2,0.0014133400367726248
WNT1_FZD9,0.0
WNT1_FZD3,0.0
WNT1_ROR2,0.0
WNT1_RYK,0.0
WNT1_FZD5,0.0
WNT1_LRP6,0.0
NTN3_NEO1,0.0
NTN3_CDON,0.0
FGF19_KLB,0.0
FGF19_FGFR2,0.0
FGF19_FGFR3,0.0
DRAXIN_DCC,0.0
ARPC5_LDLR,0.4192570779949962
TGFA_ERBB3,0.0064944102408529564
TGFA_ERBB2,0.002486512894934772
TGFA_EGFR,0.0024535596497183483
TGFA_ERBB4,0.0015671338509875411
COL6A3_ITGA2,0.01603223719546546
CXCL3_CXCR2,0.03742823619878346
CXCL3_GRM7,0.0
CXCL5_GRM7,0.0
CXCL5_CXCR2,0.005461760401225411
PPBP_CXCR2,0.0022274668290192296
PPBP_GRM7,0.0
PF4_GRM7,0.0
PF4_FGFR2,0.0016721499181122975
PF4_LRP1,0.00019786212648511983
PF4_LDLR,0.003544330057638751
PF4_THBD,0.004333059664922912
PF4_SDC2,7.013860803324119e-05
PF4_PROCR,0.002811240188784057
UCN_CRHR2,0.00012930508047960505
UCN_CRHR1,0.0
LIPH_LPAR1,0.0
LIPH_LPAR2,0.00026877683506843636
CAMP_EGFR,0.0
CAMP_FPR2,0.0
IL15_IL15RA,0.12026198521673581
IL15_IL2RG,0.0935642037903823
SCGB3A2_MARCO,0.0
IL3_CSF2RB,0.0
IL3_IL3RA,0.0
COL1A2_ITGA2B,0.0012360111947572515
COL1A2_ITGA2,0.023974295308800457
COL1A2_CD93,0.032532934198138325
COL1A2_ITGA11,0.0011936732088691578
COL1A2_ITGB3,0.011678558542786568
COL1A2_CD36,0.03048180883308186
DEFB1_CCR6,0.014721720408352564
ARF6_SMAP1,0.12743579066864916
JAM3_ITGB2,0.0001284160951962181
HSP90B1_LRP1,0.022006987805817772
HSP90B1_ERBB2,0.02593844442357629
HSP90B1_TLR4,0.2556694450338854
HSP90B1_ASGR1,0.13202926062770468
HSP90B1_TLR9,0.0
COL6A2_ITGA2,0.00807338524723911
ANGPTL4_GPIHBP1,0.0020356236383021796
ANGPTL4_TIE1,0.04351725082343507
FADD_FAS,0.0015293248496233416
DEFB4A_TLR4,0.0
CD14_TLR4,0.3159750139169606
CD14_TLR6,0.17433067362591775
CD14_RIPK1,0.2268925414762249
CD14_ITGB2,0.01770392923642726
CD14_ITGA4,0.018579058240575243
CD14_TLR9,0.0
COL3A1_DDR2,0.004422384737219432
COL3A1_DDR1,0.004965376364034195
COL3A1_ITGA2,0.02394306005132477
NLGN2_MDGA1,0.0002679668355252597
NLGN2_NRXN1,0.00012893797380748157
NLGN2_NRXN2,0.0
BMP1_BMPR1A,0.00041923579514524295
FGB_ITGA2B,0.004679728398702311
FGB_TLR4,0.06786407523578965
FGB_ITGAM,0.004650343480625846
FGB_ITGB3,0.044403338568802
FGB_ITGB2,0.0046326261116578565
FGA_ITGB2,0.00026067106900703937
FGA_ITGAD,0.0
FGA_ITGB3,0.002551632846659814
FGA_ITGAM,0.00026406049567970555
FGA_TLR4,0.003911921819063517
FGA_ITGA2B,0.0002696819863921504
FGA_ITGAX,0.0019322134698546048
FGA_CDH5,0.008805519736509627
CXCL11_GRM7,0.0
CXCL11_CCR3,0.0
CXCL11_DPP4,0.009484809968140029
PRND_RPSA,0.33965540240327713
NPTX1_NPTXR,0.002568329782637013
CCL19_CCR10,0.0002628732994416664
CCL19_GRM7,0.0
CCL19_CCR7,0.0007224649890793971
CCL19_CCRL2,0.0007326293362593232
PLG_F2R,0.010520269962538803
PLG_FLT1,0.00797320289023409
PLG_F2RL1,0.003275268293658952
PLG_ITGA9,0.0033117945959728013
PLG_ITGB2,0.00038596871841874256
PLG_ITGAM,0.0003873843940901721
PLG_F3,0.004636871707755815
CSHL1_GHR,0.0
LPL_GPIHBP1,0.0032642956969249587
LPL_LRP1,0.0027514393428868964
LPL_SDC1,0.0009883990366627946
EFEMP2_PLSCR4,0.01393675552907436
EFEMP2_AQP1,0.012356581183147752
VEGFB_FLT1,0.0663186431579908
GH1_GHR,0.0
GNAI2_C5AR1,0.11445113618136478
GNAI2_LHCGR,0.0
GNAI2_CNR1,0.0
GNAI2_CXCR2,0.09639375508463884
GNAI2_EGFR,0.020366173304759178
GNAI2_LPAR3,0.006301385609087021
GNAI2_ADORA1,0.0
GNAI2_ADRA2B,0.006619923109387523
GNAI2_FPR1,0.0
GNAI2_TBXA2R,0.31273476215146384
GNAI2_EDNRB,0.27926661700602967
GNAI2_ADCY7,0.03983799132021315
GNAI2_F2R,0.3789429956958519
GNAI2_ADCY9,0.06564550118872828
GNAI2_S1PR4,0.008071312848288176
GNAI2_S1PR1,0.4902724385163739
GNAI2_CHRM1,0.0
TLN1_ITGB3,0.13779553625403207
TLN1_ITGB5,0.015664782376830767
TAC1_TACR1,0.0
TAC1_TACR2,0.0
LPA_LPAR3,0.00019327665271576483
LPA_LPAR2,0.0003960661287902731
LPA_LPAR1,0.0
LPA_ITGB2,0.0003877370614812377
LPA_ITGAM,0.0003904404011908617
MMP1_ITGA2,0.008702380596708097
LAMA3_ITGA3,0.001641565060382737
LAMA3_SDC2,6.64404315442662e-05
SEMA6D_KDR,0.006453314497741355
SEMA6D_PLXNA1,0.0018679531258847352
WNT11_MUSK,6.464087650941331e-05
WNT11_KLRG2,0.0
PSEN1_NOTCH3,0.0
PSEN1_NOTCH2,0.0828549142164596
BGN_LY96,0.026339037175122454
BGN_TLR4,0.02486584177956705
IZUMO1_CD9,0.0
JAG2_NOTCH2,0.0
JAG2_NOTCH3,0.0
NXPH3_NRXN2,0.0
NXPH3_NRXN1,0.0
CNTN2_CNTN1,0.00020319706039909836
CALCA_ADRB3,0.0
CALCA_GPR84,0.0
CALCA_ADCYAP1R1,0.0
CALCA_VIPR1,0.0
CALCA_CALCR,0.0
CALCA_RAMP1,0.0
CALCA_CALCRL,0.0
SLIT3_ROBO2,0.0005784532794015061
SLIT3_ROBO1,0.009867776895224677
GH2_GHR,0.0
FGF3_FGFR2,0.0
FGF3_FGFR3,0.0
GHRL_TBXA2R,0.02040941516789488
GHRL_PTGER3,0.0
GHRL_GHRHR,0.0004275995055659403
GHRL_PTGIR,0.0004373581398498446
FGG_ITGB3,0.0
FGG_TLR4,0.0
FGG_ITGA2B,0.0
FGG_ITGB2,0.0
CXCL14_CXCR4,0.0013257468986095906
EDN3_KEL,0.0
EDN3_EDNRB,0.0
RTN4_TNFRSF19,0.022824986746524792
RTN4_RTN4RL1,0.011271361488869562
NTN4_DCC,0.0
NTN4_UNC5A,0.0
WNT7B_FZD4,0.23771605934992296
WNT7B_FZD10,0.005211883567948229
WNT7B_TMED5,0.1213720375092994
ICAM4_RHAG,0.0
ICAM4_ITGA4,0.009326206755861575
ICAM4_ITGB2,0.00925600132686927
ICAM4_ITGAM,0.009377912214527473
ICAM4_ITGB3,0.09063888099635897
ICAM4_ITGA2B,0.009580105974387514
HMGB1_TLR9,0.0
HMGB1_CD163,0.0
HMGB1_AGER,0.01875153636289194
HMGB1_CXCR4,0.0329066152904573
HMGB1_SDC1,0.008468723283570762
HMGB1_THBD,0.49714039961169176
HMGB1_TLR4,0.2639483308664929
COL18A1_ITGB5,0.001439840629802673
COL18A1_ITGB3,0.012968579536591725
COL18A1_KDR,0.033089971734459725
COL18A1_ITGA3,0.016217365863794072
COL18A1_GPC4,0.0
HP_CD22,0.0
HP_ASGR2,0.0
HP_CD163,0.0
HP_TLR4,0.004876543369279576
HP_ITGAM,0.00030291945935172703
HP_ASGR1,0.0025559669588521407
HP_ITGB2,0.00028315661192664294
RSPO1_LGR4,0.0
RSPO1_LGR5,0.0
RSPO1_LRP6,0.0014208681121669379
RSPO1_ZNRF3,0.0017347125278317844
ADAM15_ITGB3,0.05443648368424855
ADAM15_ITGA9,0.04911873456652241
APOA4_LDLR,0.0
APOA4_LRP1,0.0
GAD1_GRM4,0.0001416560829519418
NLGN3_NRXN1,0.00019215009517756403
NLGN3_NRXN2,0.0
CCL20_CCR6,0.027850113471150344
CCL20_GRM7,0.0
PYY_GRM7,0.0
PYY_DPP4,0.0
PYY_NPY5R,0.0
PYY_NPY1R,0.0
PYY_FAP,0.0
PYY_NPY2R,0.0
F8_ASGR2,0.0
F8_LDLR,0.024947304107216788
F8_LRP1,0.0015457193038932436
COL4A2_ITGB5,0.0017133621933354333
COL4A2_ITGB3,0.015489248086815885
COL4A2_CD93,0.04302400337388112
CCL28_GRM7,0.0
CCL28_CCR10,0.00263345468866716
CCL28_CCR3,0.0
CXCL9_DPP4,0.03052869151172392
CXCL9_CCR3,0.0
CXCL9_GRM7,0.0
CXCL9_FCGR2A,0.03672662579633468
CNTF_CNTFR,0.0
CNTF_EGFR,0.0
THBS2_NOTCH3,0.0
THBS2_ITGA4,0.0007879974861676904
THBS2_CD47,0.01847713605836342
THBS2_ITGB3,0.007657224602801339
THBS2_CD36,0.019825383187850803
LEFTY2_ACVR2B,0.0006051642690382321
LEFTY2_ACVR1B,0.00035364959051050295
C4BPA_LRP1,0.0
C4BPA_CD40,0.0
VIP_AVPR1A,0.0
VIP_ADRB3,0.0
VIP_GPR84,0.0
VIP_VIPR1,0.0
VIP_ADCYAP1R1,0.0
VIP_RAMP1,0.0
VIP_DPP4,0.0
FASLG_FAS,0.0
FASLG_TNFRSF10B,0.0
FASLG_TNFRSF1A,0.0
APOA2_LDLR,0.015788959651880843
APOA2_LRP1,0.000968222896832574
SEMA4A_PLXNB2,0.17100521633329038
EFNA1_EPHA7,6.73106937966958e-05
EFNA1_EPHA10,0.0023997959530196477
EFNA1_EPHA3,6.482046027005547e-05
EFNA1_EPHA4,0.00108552728150487
EFNA1_EPHA6,0.0
EFNA1_EPHB6,0.0
EFNA1_EPHA2,0.0017029683009058122
ADAM12_ITGA9,0.002364896157698863
S100A8_TLR4,0.1429502525799236
S100A8_CD36,0.2608988605435879
S100A8_ITGB2,0.008162476271186844
S100A8_AGER,0.010311970676030723
NGF_KIDINS220,0.0
NGF_NTRK1,0.0
NGF_TRPV1,0.0
NGF_SORCS3,0.0
NGF_SORT1,0.0
WNT2B_FZD4,0.005981424114864348
COL11A1_ITGA2,0.0
COL11A1_DDR1,0.0
ITGB3BP_ITGB3,0.02076962708081912
ITGB3BP_ITGB5,0.0024201758887755294
ANGPTL3_ITGB3,0.0
RBP4_STRA6,0.0
COL5A1_SDC3,0.0050248201971635495
SFTPD_TLR4,0.0023494767169319345
SFTPD_SIRPA,0.0031229512384025404
SFTPD_LY96,0.0028430796681653964
MMP9_TLR9,0.0
MMP9_IFNAR1,0.05038398948337937
MMP9_ITGAM,0.0021098160704044883
MMP9_LRP1,0.0029459815274626624
MMP9_EPHB2,0.00965634854710717
MMP9_ITGB2,0.0020298878891538952
EDN2_KEL,0.0
EDN2_EDNRB,0.0
ANGPTL2_TIE1,0.008675135854963115
GHRH_GHRHR,0.0
GHRH_VIPR1,0.0
GHRH_ADCYAP1R1,0.0
GHRH_ADRB3,0.0
GHRH_GPR84,0.0
TNFSF15_TNFRSF25,0.05222675175035919
GDF5_ROR2,0.0
GDF5_ACVR1,0.0
GDF5_BMPR1A,0.0
GDF5_ACVR2B,0.0
EDA_EDAR,0.0
EDA_EDA2R,0.0003224374808275571
F10_F3,0.0
F10_ITGAM,0.0
F10_ITGB2,0.0
SYK_LAT,0.05039112440644173
SYK_FCGR2A,0.10075689560924404
FGF14_FGFR2,0.0
FGF14_FGFR3,0.0
HLA-C_LILRA1,0.0
HLA-C_LILRB1,0.16215655076716065
HLA-C_CD3G,0.2002374058742663
HLA-C_KIR3DL1,0.019696001400389244
ANXA1_EGFR,0.02490717370264873
ANXA1_GRM7,0.0
ANXA1_FPR1,0.0
ANXA1_FPR2,0.007662777895581531
ACTR2_LDLR,0.3933754674029418
NDP_FZD4,0.01164085001324927
NDP_LGR4,0.0
AGRN_LRP4,0.0
AGRN_LRP1,0.0013526209539822943
AGRN_ATP1A3,0.0
AGRN_MUSK,0.00045035201852979635
INSL3_ADRB3,0.0003218844794417642
INSL3_GPR84,0.0
INSL3_ADCYAP1R1,0.0
INSL3_VIPR1,0.00033139703355166686
AVP_LDLR,0.0
AVP_VIPR1,0.0
AVP_ADCYAP1R1,0.0
AVP_GPR84,0.0
AVP_ADRB3,0.0
AVP_OXTR,0.0
AVP_AVPR1A,0.0
COL2A1_ITGA10,0.0
COL2A1_DDR1,0.0
COL2A1_ITGA2B,0.0
COL2A1_ITGA2,0.0
RLN2_ADRB3,6.413879930410953e-05
RLN2_GPR84,0.0
RLN2_ADCYAP1R1,0.0
RLN2_VIPR1,6.48262302377187e-05
RLN2_RXFP3,0.0
RPH3A_NRXN1,0.000706794774099941
LAMA1_RPSA,0.018166345436380328
LAMA1_ITGA3,0.006496748434645909
LAMA1_NT5E,0.006501530186045017
LAMA1_ITGA2,0.010663132675803268
LAMA1_ITGA7,0.0005348928449601012
LAMA1_ITGB8,0.005981592541189197
LAMA1_SDC2,0.0002641559682724012
CCL25_CCR10,0.0
CCL25_GRM7,0.0
LAMB3_ITGA2,0.026998156254069438
LAMB3_CD151,0.03846950571104874
LAMB3_ITGA3,0.016525709141846777
LAMB3_COL17A1,0.00503356756908145
IL1F10_IL1R1,0.0
CCL8_CCR3,0.0
CCL8_CCR1,0.0
COL4A6_CD93,0.0
COL4A6_ITGA2,0.0
COL4A6_CD47,0.0
CCL26_CCR1,0.0
CCL26_CCR3,0.0
SPP1_ITGA4,0.010652983818337906
SPP1_ITGB5,0.015343453172856538
SPP1_ITGB3,0.1168309150296275
SPP1_ITGA9,0.10646989202242087
LGALS9_MRC2,0.007126007017131878
LGALS9_HAVCR2,0.28093939540798335
LGALS9_SLC1A5,0.11767794329698344
LGALS9_CD47,0.398527580128553
ADM2_GPR84,0.0
ADM2_ADRB3,0.004292270425020554
ADM2_VIPR1,0.004312663113250164
ADM2_ADCYAP1R1,0.0
ADM2_CALCR,0.004352021211681146
ADM2_RAMP1,0.004436428672483868
ADM2_CALCRL,0.28592513321363006
CXCL12_CD4,0.005149142257008124
CXCL12_DPP4,0.03310765472463608
CXCL12_CCR4,0.0
CXCL12_GRM7,0.0
CXCL12_CXCR4,0.011135469130622529
CXCL12_AVPR1A,0.03327073256458304
BMP7_ACVR1,0.04470851928250309
BMP7_ACVR2B,0.04939183018159584
BMP7_BMPR1A,0.005660331489125194
COL4A3_ITGA3,0.001543037553706711
COL4A3_CD47,0.002901885109524097
COL4A3_ITGB3,0.001222623417867628
COL4A3_CD93,0.003292350163104464
COL4A3_ITGA2,0.0025684840702385235
COL4A4_ITGA2,0.007976406165625404
COL4A4_CD93,0.010793490706349527
COL4A4_ITGB3,0.0038810320749090668
COL4A4_CD47,0.009412356800996072
HLA-A_ERBB2,0.03357976619875484
HLA-A_KIR3DL1,0.01955410186045918
HLA-A_CD3G,0.19868803076602504
HLA-A_LILRA1,0.0
HLA-A_APLP2,0.8903991386203218
HLA-A_LILRB1,0.1614804530657643
HLA-A_KIR3DL2,0.0
CNTN4_PTPRG,0.057962619954088655
TCTN1_TMEM67,0.019076211293674917
PDCD1LG2_PDCD1,0.0021137907361458044
TNFSF11_LGR4,0.0
TNFSF11_TNFRSF11B,0.00019515204488132465
TNFSF11_TNFRSF11A,0.001299366181519316
DSCAM_DCC,0.0
FBLN2_ITGB3,0.00782377891894024
NXPH1_NRXN1,6.424580000341657e-05
NXPH1_NRXN2,0.0
SAA1_FPR2,6.774615655704664e-05
SAA1_FPR1,0.0
SAA1_GRM7,0.0
SAA1_SCARB1,0.0011664690241511562
MDK_SORL1,0.0009710663630824442
MDK_SDC3,0.02845704738928158
MDK_SDC1,0.0010710375318617026
MDK_LRP1,0.0029562188673434102
MDK_ITGA4,0.002100156352361828
TF_TFR2,0.00019365022804965196
TF_HFE,0.00040571606730565137
TF_LDLR,0.009334858495517816
ARTN_GFRA3,0.0
PTPN6_CD300LF,0.0
PTPN6_FCRL4,0.005867487970068012
CLEC2A_KLRF2,0.0
NTF3_NTRK1,0.0
NTF3_NTRK2,0.0
RLN3_RXFP3,0.0
RLN3_RXFP4,0.0
RLN3_GRM7,0.0
RLN3_VIPR1,0.0
RLN3_ADCYAP1R1,0.0
RLN3_GPR84,0.0
RLN3_ADRB3,0.0
TNF_TNFRSF1B,0.13538181031873356
TNF_TNFRSF1A,0.17292432892678625
TNF_RIPK1,0.06520192381710224
TNF_TNFRSF21,0.06300918231851056
TNF_FAS,0.0031647566697088144
TNF_PTPRS,0.08251194971224865
TNF_FFAR2,0.11225269605188366
TNF_ICOS,0.0
LAMA2_ITGA7,0.0011569687606599209
LAMA2_ITGA2,0.023131939715074736
LAMA2_ITGA3,0.013900334611912453
LAMA2_RPSA,0.03516292423161544
HRAS_SDC2,0.00033899252373165465
HRAS_GRIN2D,0.0003322222896155338
HRAS_TLR9,0.0
GDNF_EDNRB,0.12138191704488266
GDNF_GFRA3,0.0
HLA-G_KIR3DL1,0.015166946458930665
HLA-G_CD4,0.014536607402616452
HLA-G_LILRB1,0.13298703218918564
FSHB_ADCYAP1R1,0.0
FSHB_VIPR1,0.0
FSHB_ADRB3,0.0
FSHB_GPR84,0.0
FSHB_FSHR,0.0
ADM_CALCRL,0.2465900548922254
ADM_RAMP1,0.004191177224846358
ADM_CALCR,0.003298409731538163
ADM_ADCYAP1R1,0.0
ADM_VIPR1,0.002882123889700924
ADM_GPR84,0.0
ADM_ADRB3,0.002666432895333545
PTHLH_ADRB3,0.00012813357861187632
PTHLH_GPR84,0.0
PTHLH_VIPR1,0.00012877346226996544
PTHLH_ADCYAP1R1,0.0
ADCYAP1_ADCYAP1R1,0.0
ADCYAP1_VIPR1,0.0
ADCYAP1_GPR84,0.0
ADCYAP1_ADRB3,0.0
ADCYAP1_DPP4,0.0
CGA_LHCGR,0.0
CGA_ADRB3,0.0003846843205218226
CGA_GPR84,0.0
CGA_VIPR1,0.0003880511911187074
CGA_ADCYAP1R1,0.0
CGA_FSHR,0.0
S100A10_CFTR,0.0
SHANK2_CFTR,0.0
S100A4_ERBB2,0.02522157993780999
S100A4_EGFR,0.024203101549774078
TNFSF13B_CD40,0.15053728396690055
TNFSF13B_TNFRSF13B,0.02118817644822449
LTA_LTBR,0.0031235636592309066
LTA_RIPK1,0.0014670578957446886
LTA_TNFRSF1A,0.003476036122561293
LTA_TNFRSF1B,0.0030123470491436734
NTF4_NTRK1,0.0
NTF4_NTRK2,0.0
FAM3C_GLRA2,0.0
C1QB_C1QBP,0.4467357508415011
C1QB_LRP1,0.017962300897263028
GNRH2_GNRHR,7.305488440862137e-05
IL22_IL10RA,0.0
IL22_IL22RA2,0.0
IL22_IL21R,0.0
IL22_IL10RB,0.0
IL10_IL10RB,0.27993275853589167
IL10_IL10RA,0.0
CLEC2D_KLRB1,0.0
PDYN_GRM7,0.0
PODXL2_SELL,0.0006594593594348332
CD34_SELL,0.0005865002037015973
CD34_SELP,0.0012485835902313806
MUC7_SELL,0.0006254050161255506
PODXL_SELL,0.004731965901891142
MICA_KLRK1,0.005895279057817849
RAET1L_KLRK1,0.0
ULBP2_KLRK1,0.000264320083471861
RAET1G_KLRK1,0.00012828049143935
CD55_CR1,0.08199006791624204
GPC3_LRP1,0.0005800080580748867
A2M_LRP1,0.01416701997256042
SERPINA1_LRP1,0.022722857697368908
SERPINE2_LRP1,0.0037176370407771583
MMP13_LRP1,0.00038658085614405433
HPX_LRP1,0.00019322989209562673
LIPC_LRP1,0.0
PSAP_LRP1,0.02570925468935939
PSAP_SORT1,0.1199415600182703
PSAP_GPR37,0.015909147481996386
PSAP_CD1B,0.0
PSAP_AR,0.0
ASIP_MC4R,0.00032607907660342294
ASIP_MC5R,0.0001366619211279268
ASIP_MC2R,0.0007990236885898266
ASIP_F11R,0.008505591691125951
ASIP_MC1R,0.000456555693262775
ASIP_ATRN,0.0035734218297620787
ASIP_MC3R,0.0
SFTPA2_CD93,0.0
MBL2_CD93,0.0
MBL2_CALCR,0.0
C1QA_CR1,0.09106126374903067
C1QA_CD93,0.47178504810281463
C1QA_CSPG4,0.04235011159306151
IGFL1_IGFLR1,0.0
IGFL3_IGFLR1,0.0
GSTP1_EGFR,0.025353814218632264
GALP_GALR3,0.0
GALP_GALR1,0.0
NTNG2_LRRC4,0.0002601126116412796
NTNG2_LRRC4C,0.0001325420165077239
GUCA2B_GUCY2D,0.0
NMS_NMUR2,0.0
NMS_NMUR1,0.0
NMS_GRM7,0.0
VEGFC_FLT1,0.0
VEGFC_CCBE1,0.0
VEGFC_ITGA9,0.0
VEGFC_KDR,0.0
DSC3_DSG3,0.0902909910721756
PDGFA_PDGFRA,0.001457893095304939
PDGFA_PDGFRB,0.0014500155364076945
FGF21_FGFR3,0.0
FGF21_FGFR2,0.0
FGF21_KLB,0.0
NMB_GRPR,0.0
NMB_BRS3,0.0
B2M_HLA-F,0.967741935483871
B2M_CD1B,0.0
B2M_LILRB1,0.16678963973350006
B2M_CD247,0.0
B2M_HFE,0.028082323574729354
B2M_KIR3DL1,0.02066839517043284
B2M_KLRC2,0.0
B2M_CD3G,0.2108547954969316
EDIL3_ITGB5,0.0001352820116650787
CP_SLC40A1,0.028360973853928162
SOSTDC1_LRP6,0.0
DKK1_LRP6,0.001592806906766753
HSPA1A_GRIN2D,0.005216275767565996
HSPA1A_TLR4,0.17841261870598468
IL27_IL27RA,0.014420605116863699
PROS1_AXL,0.04861033727601567
PROS1_TYRO3,0.001181285026521413
INS_LILRB1,0.0
GREM1_KDR,0.0
NRG1_ERBB3,0.0051440990306958305
NRG1_LGR4,0.0
NRG1_ERBB2,0.002007274596477813
NRG1_EGFR,0.0019568299497743497
NRG1_ERBB4,0.0011995827678795213
SLIT2_SDC1,0.00019887628339554546
SLIT2_DCC,0.0
SLIT2_ROBO4,0.01099774078405972
SLIT2_ROBO1,0.003408115922795987
SLIT2_ROBO2,0.00019663954109269083
NPPA_NPR1,0.013339035380756696
PGF_FLT1,0.008788977912408059
NCAM1_ROBO1,0.001090394985932243
NCAM1_CACNA1C,0.0008975357505082054
NCAM1_FGFR2,0.0015378656683867477
NRG3_ERBB3,0.0005149816066765968
NRG3_ERBB4,0.00012826966193220038
NRG3_ERBB2,0.00019354868801789348
AREG_EGFR,0.007727178731121944
AREG_ERBB3,0.020155144103744724
NRG2_ERBB3,0.0010749671534479343
NRG2_ERBB4,0.00026052976323028964
NRG2_ERBB2,0.0004105452739145147
SEMA4D_ERBB2,0.012317756618317403
SEMA4D_PLXNB2,0.1832508310277977
IFNA14_IFNAR2,0.0
IFNA14_IFNAR1,0.0
IFNA10_IFNAR2,0.0
IFNA10_IFNAR1,0.0
IFNA8_IFNAR1,0.003256521264040698
IFNA8_IFNAR2,0.0025636673071131777
IFNE_IFNAR2,0.0
IFNE_IFNAR1,0.0
IFNA21_IFNAR1,0.0
IFNA21_IFNAR2,0.0
IL24_IL20RA,0.0
IL24_IL10RB,0.005271829927457296
PTPN11_FCRL4,0.003754936739538873
EFEMP1_EGFR,0.0008008242212522684
FGL1_EGFR,0.0
ANG_EGFR,0.002787960007351796
CXCL2_DPP4,0.04064922435502035
CXCL2_CXCR2,0.049388582725377016
CXCL2_GRM7,0.0
CXCL2_XCR1,0.006709027027535504
CXCL1_GRM7,0.0
CXCL1_CXCR2,0.03146441670817165
PPY_GRM7,0.0
PPY_NPY2R,7.657189707498276e-05
PPY_NPY5R,0.0
PPY_NPY1R,6.885282486128238e-05
IL25_IL17RB,7.014853862168692e-05
IFNL3_IL10RB,0.0
CCL3_CCR4,0.0
CCL3_CCR1,0.0
CCL3_CCR3,0.0
FGF12_FGFR2,0.0030955053124785514
FGF12_FGFR3,0.00038945509269694585
CGB5_LHCGR,0.0
CCL15_CCR1,0.0
CCL15_CCR3,0.0
CCL23_CCR1,0.0
CCL18_CCR8,0.0005786277245430437
CCL18_CCR1,0.0
CCL18_CCR3,0.0
LTBP3_ITGB5,0.002453836984752207
MST1_MST1R,0.0
CHAD_ITGA2,0.0
NUCB2_ERAP1,0.06515826559795926
FAT4_DCHS1,0.0069484345947664625
CD86_CD28,0.04808891404119075
ACE2_SLC6A19,0.0
TSLP_IL7R,0.0
CER1_MRC2,0.0
CD200_CD200R1,0.00024691792734468464
C4B_CR1,0.004876600845799524
C4B_CD46,0.017977055780959948
IL19_IL20RA,0.0
EDN1_EDNRB,0.007908165399545121
EDN1_KEL,0.0
SEMA4B_DCBLD2,0.002922732703199295
PTMA_VIPR1,0.008957168473305528
TNFSF18_TNFRSF18,0.0
OBP2A_OR1G1,0.0
F7_F3,0.0015387982455894002
RGMA_NEO1,0.0
RGMA_HFE,0.0001430235049319891
RGMA_TFR2,6.513791279779946e-05
WNT5B_KLRG2,0.0
CD5L_CD5,0.0
GSTO1_RYR1,0.018619077940854212
ANGPT4_TIE1,0.0
ANGPT4_TEK,0.0
IRAK4_TLR6,0.15362503115655946
IRAK4_TLR4,0.22481805915685973
COLQ_MUSK,0.00038909906890717127
QRFP_QRFPR,0.0
GDF10_ACVR1B,0.0
GRN_FCRL4,0.008119663616467064
ICAM3_LRP1,0.0053355229108079045
ICAM3_LDLR,0.09507786134391269
ICAM3_SORL1,0.0017499933654965129
ICAM3_RYR1,0.005227418815722243
ICAM3_PTPRS,0.05655758111498205
ICAM3_FCRL4,0.0017744350268386745
CEACAM1_FCRL4,0.0007104327838601111
FGF4_FCRL4,0.0
SCT_IFNAR2,0.0
SCT_IFNAR1,0.0
SCT_FCRL4,0.0
FGF20_FCRL4,6.515241093183331e-05
DLL3_LRP1,0.0
TCN2_ITGB2,0.006219459147463835
TCN2_ITGAM,0.006553757575689503
TCN2_FCRL4,0.002964503358599527
LGALS1_ITGB2,0.016193299887937294
LGALS1_ITGB3,0.17971132705104165
LGALS1_FCRL4,0.00759039878764324
NID2_ITGA2,0.005433018989530293
NID2_PTPRS,0.0038946853116565523
MMP2_FCRL4,0.0008439447525869462
CCL17_IFNAR2,0.006534894397421142
CCL17_IFNAR1,0.007859905044579318
AMH_FCRL4,0.0
COMP_FCRL4,0.0
LAMB1_ITGAM,0.0014493484502629817
LAMB1_ITGB8,0.016364902503962997
LAMB1_DDR2,0.0052653725114012884
LAMB1_ITGA11,0.0014428272860013695
LAMB1_DDR1,0.005940867529072491
LAMB1_CD47,0.03371366040223347
LAMB1_LRP8,0.0029203484641569587
LAMB1_CD46,0.03695456263260719
LAMB1_COL17A1,0.0052369210585078395
CCL2_IFNAR2,0.10864460608968815
CCL2_IFNAR1,0.13368559223127358
COL1A1_ITGB5,0.0014302594102367438
COL1A1_ITGB3,0.012920133217923936
COL1A1_ITGB8,0.014933911208899161
COL1A1_CD47,0.03131935439243028
COL1A1_ITGAX,0.009677457919805952
COL1A1_CD151,0.037065149072057296
COL1A1_COL17A1,0.004862697452744522
COL1A1_GPC4,0.0
COL1A1_ITGA3,0.016166005962704177
COL1A1_ITGA10,0.006144259786292612
VTN_ERBB4,0.00013657140937212161
VTN_ITGB2,0.00014059690499647893
VTN_ITGB7,0.00025466525956773504
VTN_CD36,0.004319187556986474
VTN_SDC3,0.002073573358271389
VTN_ITGAX,0.0009927607338627114
VTN_FCRL4,6.631620688444314e-05
CXCL6_IFNAR2,0.0026362380652162317
APOC3_ITGB2,0.0
APOC3_ITGB5,0.0
APOC3_ITGAM,0.0
APOC3_ITGB3,0.0
APOC3_ITGB6,0.0
APOC3_ITGB8,0.0
APOC3_SDC1,0.0
APOC3_ITGA2,0.0
APOC3_ITGA2B,0.0
APOC3_TLR4,0.0
APOC3_LRP8,0.0
APOC3_GPIHBP1,0.0
APOC3_ITGA3,0.0
APOC3_FCRL4,0.0
CLEC2B_IFNAR2,0.19376583466214545
CLEC2B_IFNAR1,0.24486218994760156
FGF6_FCRL4,0.0
IL26_IFNAR2,0.0024128494415018623
ULBP1_IFNAR2,0.07472746921541835
LAMA4_ITGB8,0.06205627635462025
LAMA4_ITGA2,0.10856168335256727
HBEGF_FCRL4,0.003412644649276702
LTF_ITGB2,0.0
LTF_ITGAM,0.0
LTF_LDLR,0.0
LTF_LRP8,0.0
LTF_RYR1,0.0
LTF_FCRL4,0.0
TFPI_ITGB2,0.0015512064981557895
TFPI_ITGAM,0.001562207909933456
TFPI_ITGB8,0.017773892994938686
TFPI_SDC1,0.0007812674181085513
TFPI_LDLR,0.03692832974029518
TFPI_LRP8,0.003138117625631377
TFPI_SORL1,0.000769359941261375
TFPI_RYR1,0.0023067283943985087
TFPI_FCRL4,0.0007708240061658896
CD160_IFNAR2,0.0
CD160_IFNAR1,0.0
TGFB3_FCRL4,0.0002571969509849294
IAPP_IFNAR2,0.24131509471275392
IAPP_IFNAR1,0.31044614683741756
IAPP_FCRL4,0.006384821955709026
TNFSF10_FCRL4,0.005117250933181331
C3_ITGB3,0.0858783311178477
C3_SDC1,0.004280411893103256
C3_LDLR,0.20813107103876458
C3_LRP8,0.017556142400867697
C3_SORL1,0.0038838947511500715
C3_RYR1,0.01160668186340288
C3_FCRL4,0.003932647886597865
DLL4_LRP1,0.0001923460833616519
APOE_ITGB2,0.010698988134945384
APOE_ITGB5,0.015176385469845581
APOE_ITGAM,0.011498796915462545
APOE_ITGB8,0.11831415520850429
APOE_SDC1,0.005761282319437788
APOE_TLR4,0.1863287383543169
APOE_TRPM3,0.03314408333923937
APOE_RYR1,0.014588556635881227
APOE_FCRL4,0.005002040438568011
APOE_ASGR2,0.0
F12_NOTCH2,0.0025939995268824843
F12_NOTCH3,0.0
F12_COL13A1,0.0006648727139867183
F12_LRP1,0.00039476864639306243
F12_LDLR,0.007001078787464963
F12_PTPRS,0.004164847153038869
CRP_ITGB2,0.0
CRP_LRP1,0.0
CRP_ITGAM,0.0
CRP_LDLR,0.0
CRP_TLR6,0.0
CRP_TLR4,0.0
CRP_LRP8,0.0
CRP_SORL1,0.0
CRP_LRP4,0.0
CRP_STAB2,0.0
CRP_TRPM3,0.0
CRP_RYR1,0.0
CRP_ASGR2,0.0
TSHB_IFNAR2,0.0
TSHB_IFNAR1,0.0
LACRT_EGFR,0.00019313492578826568
LACRT_ERBB4,0.00012824138399073872
LACRT_ITGB2,0.00012835100532165614
LACRT_ITGB5,0.00012974844328960636
LACRT_ITGB7,0.0001937184394530675
LACRT_ITGB3,0.0012248772038996386
LACRT_CD36,0.0031061543785460407
LACRT_TLR4,0.0018708253349671248
LACRT_SDC3,0.0015507347018302961
LACRT_CD151,0.003428637807451711
LACRT_SSTR2,0.001411197556839174
LACRT_FCRL4,6.406705910382033e-05
IL1RN_IFNAR2,0.1649092896974612
IL36A_IFNAR2,0.0
IL36A_IFNAR1,0.0
CCL21_IFNAR2,0.002568062048647002
CCL21_IFNAR1,0.0032607264940510143
MMP7_ITGB2,0.00012917710010226463
MMP7_ITGB5,0.0001339420209076287
MMP7_ITGB3,0.0012460815397613602
MMP7_SDC3,0.0015860048164527784
MMP7_FCRL4,6.421878411314818e-05
THBS1_ERBB4,0.005470559786081441
THBS1_ITGB2,0.005635200919334121
THBS1_ITGB5,0.007734023920005391
THBS1_ITGB7,0.010242972565887454
THBS1_ITGAM,0.006010118966388721
THBS1_ITGB6,0.0
THBS1_ITGB8,0.06259029254113357
THBS1_ITGA7,0.006029310085198334
THBS1_ITGA2,0.11920546662040071
THBS1_CD93,0.18738686310266195
THBS1_ITGA8,0.0157496309047815
THBS1_SDC3,0.08342644320089605
THBS1_ITGAX,0.039739845411653964
THBS1_CD151,0.19038922626607177
THBS1_MUSK,0.0026441789520714465
THBS1_FCRL4,0.0026547282342499214
VWF_ITGB2,0.0003876818912668111
VWF_ITGB5,0.00040259052086262195
VWF_TPO,0.0013834474993929468
VWF_ITGAM,0.0003903450573796913
VWF_ITGB8,0.004442611300145205
VWF_SDC1,0.00019521209902032533
VWF_ITGA2,0.007799819748977479
VWF_LDLR,0.009225504482417799
VWF_LRP8,0.0007840069785887396
VWF_CD46,0.00978489803162354
VWF_ITGA3,0.004707817231187817
VWF_NT5E,0.0045894670621510645
TIMP2_ITGB2,0.008396868335864578
TIMP2_ITGB5,0.009751664878290569
TIMP2_ITGAM,0.008638879059818062
TIMP2_ITGB3,0.08514377399691285
TIMP2_ITGB8,0.09513450783077365
TIMP2_CD36,0.22646995795076608
TIMP2_SDC1,0.004323035416882259
TIMP2_SDC3,0.11096397020013643
TIMP2_FCRL4,0.0040932996578846035
CKLF_TLR4,0.14045723337549107
LAMC2_ITGA11,0.006954546080871892
LAMC2_CD47,0.15799242362594262
NID1_ITGB2,0.00223813226127632
NID1_ITGB5,0.0024908397341382267
NID1_ITGAM,0.002283274034627949
NID1_ITGB8,0.025471883343905707
NID1_ITGA2,0.04554544804051409
FGF2_EGFR,0.002890583014632839
FGF2_ITGB5,0.00193624235990573
FGF2_ITGB3,0.018322673664051017
FGF2_KDR,0.04542639634310723
FGF2_SSTR2,0.021150135133964097
FGF2_ITGA9,0.016398766663795816
FGF2_FCRL4,0.0009606446517011651
FGF2_F2RL1,0.01633910793566383
FGF10_FCRL4,0.0
F13A1_ITGB2,0.008874700405562687
F13A1_ITGB5,0.011655514797456981
F13A1_ITGAM,0.009371444295207925
F13A1_ITGB3,0.09533918828723546
F13A1_SDC3,0.12743579808435324
F13A1_FCRL4,0.004221554288435563
EGF_LRP1,0.006727741467079142
EGF_SORL1,0.002241201584632179
EGF_FCRL4,0.0022423835441396154
WNT2_FCRL4,0.0
ADAM2_ITGB2,0.0001295091641129972
ADAM2_ITGB5,0.00013562770666167076
ADAM2_ITGB3,0.001254605013067876
ADAM2_FCRL4,6.427977277487142e-05
LUM_ITGB2,0.0009230820664335617
LUM_FCRL4,0.000452992178995395
FGF7_FCRL4,0.0001290544695098437
CALM2_FCRL4,0.007866036306748899
UCN2_IFNAR2,0.002547583933646457
UCN2_IFNAR1,0.003241131443217601
FGF18_FCRL4,0.0
SERPING1_FCRL4,0.00608065582427596
GPHA2_FCRL4,0.0
TNFSF4_IFNAR2,0.010193027801389433
PTH_IFNAR2,0.0
PTH_IFNAR1,0.0
PTH_FCRL4,0.0
WNT3A_LDLR,0.0031509774696502615
WNT3A_ITGAX,0.0009668123728490622
WNT3A_SORL1,6.422958558554896e-05
WNT3A_SCARB1,0.001047708566817137
WNT3A_RPSA,0.004403329540209162
WNT3A_TNFRSF21,0.0013673864415697711
WNT3A_AR,0.0
WNT3A_TFR2,6.475784246808408e-05
WNT3A_CFTR,0.0
WNT3A_PTGER2,0.0
WNT3A_APLP2,0.0044003333825875625
WNT3A_FCRL4,6.448144284954742e-05
WNT3A_ASGR2,0.0
APP_LDLR,0.18732069431486176
APP_AR,0.0
APP_TRPM3,0.020914665383124736
APP_CFTR,0.0
APP_FCRL4,0.003593339586626091
APP_ASGR2,0.0
CXCL13_IFNAR2,0.0023108166582836995
CXCL13_IFNAR1,0.0030145741259890225
CALM3_SORT1,0.06560923806375331
CALM3_ITGA4,0.011448989330881756
CALM3_LRP1,0.016285155127663133
CALM3_FZD2,0.155410142736748
CALM3_FZD6,0.24727362870661412
CALM3_LRP6,0.12781924359929547
CALM3_RYK,0.08610283062856591
CALM3_TNFRSF11B,0.019442111241345664
CALM3_LDLR,0.2815865613235075
CALM3_TLR4,0.17897269209467334
CALM3_IFNAR1,0.27751664378274676
CALM3_ITGAX,0.08119365570458831
CALM3_SORL1,0.005362727609592753
CALM3_SCARB1,0.09927063871283509
CALM3_PTK7,0.12149465499544704
CALM3_FZD3,0.2513560822956676
CALM3_RPSA,0.444566537098963
CALM3_TNFRSF21,0.1257557801410557
CALM3_TRPM3,0.03139586503494954
CALM3_GAS1,0.00576749324151967
CALM3_TFR2,0.005480771366921376
CALM3_CFTR,0.0
CALM3_PTGER2,0.0
CALM3_PDGFRA,0.011199127138486016
CALM3_APLP2,0.4259171153509103
CALM3_MCAM,0.18346374367711027
CALM3_ENPEP,0.0
CALM3_FCRL4,0.00541900738319496
CALM3_GPR37,0.0071141349512636835
CALM3_ASGR2,0.0
TFF2_FCRL4,0.0
TFF1_ITGB2,0.00013196618055650095
TFF1_ITGAM,0.0001348482903466009
TFF1_SDC1,6.746696865186456e-05
TFF1_LPAR1,0.0
TFF1_LPAR2,0.00014084604361932948
TFF1_LPAR3,6.535207174816002e-05
TFF1_C1QBP,0.0033106759820291662
TFF1_XCR1,0.0001329775321120554
S100A1_ITGB2,0.0024932557804493256
S100A1_LRP1,0.0036848591569405183
S100A1_ITGAM,0.0025377473907735536
S100A1_LRP8,0.005130907251794636
S100A1_SORL1,0.0012213788745420128
S100A1_ASGR2,0.0
SCGB3A1_FCRL4,0.0
SHANK1_PLXNA1,0.0009056659417809114
SHANK1_NOTCH2,0.0011015720929519546
SHANK1_NOTCH3,0.0
SHANK1_ITGB5,0.0001309482905779475
SHANK1_COL13A1,0.0002609551526712728
SHANK1_LRP1,0.0001923594654332996
SHANK1_TPO,0.00045426194745445947
SHANK1_ITGAM,0.0001290091020977041
SHANK1_ITGB8,0.001476263613617814
SHANK1_SDC1,6.451081739631896e-05
SHANK1_ITGA7,0.00012903068982876809
SHANK1_ITGA2,0.002579060633472035
SHANK1_CD93,0.003328122986233927
SHANK1_DDR2,0.0004562055355011719
SHANK1_ITGA11,0.00012885090143024104
SHANK1_DDR1,0.0005195170199236664
SHANK1_CD47,0.0029294708770497826
SHANK1_ITGA2B,0.0001297085708306592
SHANK1_LDLR,0.00304001125855938
SHANK1_LRP8,0.00025854346190716266
SHANK1_CD46,0.003195790836793711
SHANK1_ITGAX,0.0009615658463227406
SHANK1_LRP4,0.0
SHANK1_BCAM,0.0024030206587411273
SHANK1_STAB2,0.0016960240944266936
SHANK1_COL17A1,0.0004555153153721473
SHANK1_GPC4,0.0
SHANK1_PTPRB,0.0036956109405558634
SHANK1_RYR1,0.00019211122850749173
SHANK1_PTPRS,0.0018108763889979939
SHANK1_ATP1A3,0.0
SHANK1_CFTR,0.0
SHANK1_ITGA3,0.0015518586364372767
SHANK1_NT5E,0.0014995196547089669
SHANK1_ROBO4,0.0034528324455000993
SHANK1_CSPG4,0.00038690591303524663
SHANK1_ITGA10,0.0005835524905736831
WNT1_FCRL4,0.0
FGF19_FCRL4,0.0
ARPC5_ITGB2,0.016055435993497215
ARPC5_LRP1,0.022881358112209916
ARPC5_ITGAM,0.017027181680407524
ARPC5_SDC1,0.008528029405568892
ARPC5_LRP8,0.03526463263566663
ARPC5_FCRL4,0.007605571386816189
COL6A3_DDR2,0.0029786316340274484
COL6A3_ITGA11,0.0007979839753938361
COL6A3_DDR1,0.0033380531597334527
COL6A3_COL17A1,0.002954113540830445
CXCL5_IFNAR2,0.015664932575349667
PPBP_IFNAR2,0.006533893500789095
PF4_TLR4,0.0022747714966522034
PF4_SORL1,6.485077718749884e-05
PF4_AR,0.0
PF4_FCRL4,6.57964660481643e-05
LIPH_ITGB2,0.00025995050985579235
LIPH_CNR1,0.0
LIPH_ITGAM,0.0002628152430308403
LIPH_SDC1,0.00013145018680565802
LIPH_LPAR3,0.00012934804089065525
LIPH_C1QBP,0.006188264823635544
LIPH_FCRL4,0.000128730755040223
CAMP_FCRL4,0.0
COL1A2_ERBB4,0.0011715216416753097
COL1A2_ITGB2,0.0011806639387580994
COL1A2_ITGB5,0.0012972087111199394
COL1A2_ITGAM,0.0012014826254383715
COL1A2_ITGB8,0.013454666136453764
COL1A2_SDC1,0.0006010506446487983
COL1A2_SDC3,0.01504554356902286
COL1A2_ITGAX,0.008714816303772969
COL1A2_CD151,0.0335674002551162
COL1A2_COL17A1,0.004401828581536004
COL1A2_GPC4,0.0
COL1A2_ITGA3,0.014602877414972152
COL1A2_FCRL4,0.0005812878973304355
DEFB1_IFNAR2,0.016691993461087764
DEFB1_IFNAR1,0.020792627389439874
JAM3_ITGAM,0.00012871311991549024
JAM3_FCRL4,6.407901386017139e-05
HSP90B1_EGFR,0.025102697166314632
HSP90B1_ERBB4,0.014996020558906963
HSP90B1_ITGB2,0.015366034854040572
HSP90B1_ITGB5,0.02008292727248452
HSP90B1_ITGA4,0.015851261571947668
HSP90B1_ITGB7,0.02707228096515665
HSP90B1_SDC2,0.007831832653761875
HSP90B1_ITGAM,0.016208625245476175
HSP90B1_LRP6,0.17811030447554754
HSP90B1_ITGB3,0.16468592507930613
HSP90B1_ITGB6,0.0
HSP90B1_ITGB8,0.17173249552331804
HSP90B1_CD36,0.45563436243531774
HSP90B1_SDC1,0.008116832149818728
HSP90B1_C5AR1,0.13680360507572328
HSP90B1_ITGA8,0.04214942937049181
HSP90B1_ITGA2B,0.017606092875635346
HSP90B1_TNFRSF11B,0.028296900464887594
HSP90B1_LDLR,0.39747997605384666
HSP90B1_SELP,0.1955875729106502
HSP90B1_LRP8,0.03346666215881584
HSP90B1_SDC3,0.21991038212367928
HSP90B1_ITGAX,0.10957246376589241
HSP90B1_SORL1,0.007204846871889244
HSP90B1_RYR1,0.021511035589396467
HSP90B1_MUSK,0.007293270128600538
HSP90B1_CFTR,0.0
HSP90B1_FCRL4,0.007316978573339212
HSP90B1_ASGR2,0.0
CD14_EGFR,0.03025973813398619
CD14_ERBB4,0.01703659120727366
CD14_SORT1,0.11167061960162121
CD14_ITGB5,0.026211064586744777
CD14_ITGB7,0.0338119743255568
CD14_SDC2,0.009120359816528721
CD14_ITGAM,0.019223580283966812
CD14_LRP6,0.2111264967091921
CD14_ITGB3,0.20192914904770376
CD14_ITGB6,0.0
CD14_ITGB8,0.19461910551978412
CD14_CD36,0.5815314701157881
CD14_SDC1,0.009634369692659786
CD14_C5AR1,0.15664680066052505
CD14_ITGA8,0.05099488338556451
CD14_ITGA2B,0.021743978296642576
CD14_TNFRSF11B,0.03602063267784672
CD14_LDLR,0.48165203891122194
CD14_SELP,0.2576617113637662
CD14_F3,0.21807961384248123
CD14_CALCR,0.010426309011933473
CD14_LRP8,0.040339823428296666
CD14_SDC3,0.27650545432364704
CD14_ITGAX,0.12254831429821769
CD14_SSTR2,0.19070404498595112
CD14_GPIHBP1,0.03481717809205688
CD14_MUSK,0.00814903719779753
CD14_CD40,0.22363865422192594
CD14_NTRK1,0.008911256626809173
CD14_CD79A,0.0093569131196884
CD14_PDGFRA,0.01768120782469948
CD14_ITGA9,0.18382514918507953
CD14_FCRL4,0.008191796483031337
CD14_ASGR2,0.0
COL3A1_CD93,0.03242728803346163
COL3A1_ITGA11,0.001192280261208481
COL3A1_CD47,0.02827317191297605
COL3A1_COL17A1,0.004389453608705149
COL3A1_ITGA10,0.005542910135446771
FGB_ITGB5,0.004731809444638305
FGB_ITGB8,0.05317054959212548
FGB_CD36,0.11300923442127948
FGB_SDC1,0.00232543499168966
FGB_LDLR,0.10963164666403599
FGB_SDC3,0.05633835887405325
FGB_FCRL4,0.002308616260929262
FGA_ITGB5,0.00027964536676509315
FGA_SDC1,0.0001320806092247532
FGA_LDLR,0.006272105870135658
FGA_SDC3,0.003270928340719655
FGA_FCRL4,0.00012886309680839588
CXCL11_IFNAR2,0.0322412246866844
CXCL11_IFNAR1,0.03968836583974526
CCL19_IFNAR2,0.008444918681011373
CCL19_IFNAR1,0.010490969899546395
PLG_ITGB5,0.0003938937908019718
PLG_LRP1,0.0005772022561842908
PLG_SDC1,0.00019371323169022723
PLG_LDLR,0.009131385532134977
PLG_SDC3,0.004691300019496147
PLG_FCRL4,0.00019236936014785434
LEP_ITGAM,0.0043914332376532245
LEP_FCRL4,0.002180300517744584
GNAI2_IFNAR2,0.25139781349801477
GNAI2_IFNAR1,0.3168804541043249
GNAI2_AR,0.0
GNAI2_TFR2,0.006268579091625484
GNAI2_HFE,0.014653007634807405
GNAI2_FCRL4,0.006199569617247566
DEFB103A_IFNAR2,0.0025114136001848203
DEFB103A_IFNAR1,0.0032065208590489227
TAC1_IFNAR2,0.0
TAC1_IFNAR1,0.0
LPA_SDC1,0.00019526036784042335
LPA_FCRL4,0.00019269414354311352
MMP1_ITGB2,0.0004153446584635316
MMP1_ITGB5,0.0005430174598674628
MMP1_ITGAM,0.0004381511730429137
MMP1_ITGB3,0.004452162442808156
MMP1_ITGB8,0.004641752965141173
MMP1_SDC1,0.00021941445435068012
MMP1_CD93,0.013248934345862556
MMP1_FCRL4,0.0001977647032512526
LAMA3_ITGB2,0.00013188395693231874
LAMA3_ITGAM,0.00013470619349634843
LAMA3_ITGB8,0.0014999954782761523
LAMA3_SDC1,6.739503060767496e-05
LAMA3_ITGA2,0.0026866195005965593
PSEN1_LRP1,0.013284803805714236
PSEN1_LDLR,0.22545037069633922
PSEN1_SORL1,0.004385273700491425
PSEN1_FCRL4,0.004422127194278733
BGN_SELP,0.01670791498123899
BGN_CALCR,0.000853582551357288
P4HB_TLR6,0.13839021683021863
P4HB_LRP8,0.03003013304840666
P4HB_TRPM3,0.04061857791017636
JAG2_LRP1,0.0
CALCA_IFNAR2,0.0
CALCA_IFNAR1,0.0
CALCA_FCRL4,0.0
FGF3_FCRL4,0.0
FGG_ITGB5,0.0
FGG_ITGAM,0.0
FGG_ITGB8,0.0
FGG_CD36,0.0
FGG_SDC1,0.0
FGG_SDC3,0.0
FGG_FCRL4,0.0
COL9A3_FCRL4,0.0
ICAM4_ITGB5,0.00993846880758786
ICAM4_SDC2,0.004649532117594939
ICAM4_ITGB8,0.10572392759973163
ICAM4_CD36,0.2347099273350759
ICAM4_SDC1,0.004690767505393787
ICAM4_LDLR,0.2227794349115842
ICAM4_TLR4,0.13896667615672442
ICAM4_SDC3,0.11621096190122325
ICAM4_FCRL4,0.004575040029153444
HMGB1_EGFR,0.026086939970695798
HMGB1_ITGB2,0.016152209078606303
HMGB1_SDC3,0.2259716106255411
HMGB1_FCRL4,0.007744825521942151
COL18A1_ITGB2,0.0013115528658134078
COL18A1_ITGB8,0.014947498488025035
COL18A1_CD36,0.033839360279127255
COL18A1_SDC3,0.01670463483301544
COL18A1_ITGAX,0.00968236048065746
COL18A1_CD151,0.03726566889577824
COL18A1_FCRL4,0.0006458210847863368
HP_LRP1,0.00040029343191930514
HP_SDC1,0.0001517533735460581
HP_LDLR,0.007507425294278015
HP_FCRL4,0.0001329929125260364
ADAM15_ITGB5,0.006378576825049184
ADAM15_FCRL4,0.0025463149971814906
APOA4_ITGB2,0.0
APOA4_COL13A1,0.0
APOA4_ITGAM,0.0
APOA4_ITGA2,0.0
APOA4_LRP8,0.0
APOA4_STAB2,0.0
APOA4_FCRL4,0.0
PYY_IFNAR2,0.0
F8_ITGB2,0.0010401155916348736
F8_TPO,0.0037569664861954793
F8_ITGAM,0.0010518028453636392
F8_ITGA2,0.021004980324409284
F8_LRP8,0.0021181616844258896
F8_SORL1,0.0005134252722801808
F8_LRP4,0.0
F8_STAB2,0.014197355480471264
F8_RYR1,0.0015388401376345547
CCL28_IFNAR2,0.09191099898590983
CCL28_IFNAR1,0.11847698264622651
CNTF_FCRL4,0.0
THBS2_ITGB2,0.0007821038275607678
THBS2_ITGB5,0.000839396125313448
THBS2_ITGAM,0.0007923380952326185
THBS2_ITGB8,0.008933743551911353
THBS2_SDC1,0.0003963211122405566
THBS2_ITGA2,0.015819548833495473
THBS2_CD93,0.02113624789656881
THBS2_ITGA2B,0.0008093120103581247
THBS2_ITGAX,0.005796875797202023
THBS2_ITGA3,0.009599043609486942
THBS2_FCRL4,0.00038660593428079996
C4BPA_ITGB2,0.0
C4BPA_LDLR,0.0
C4BPA_LRP8,0.0
C4BPA_SORL1,0.0
C4BPA_RYR1,0.0
C4BPA_PTPRS,0.0
C4BPA_FCRL4,0.0
VIP_IFNAR2,0.0
VIP_IFNAR1,0.0
VIP_FCRL4,0.0
APOA2_ITGB2,0.0006536561612489634
APOA2_COL13A1,0.0013961828199977528
APOA2_ITGAM,0.000663570414889654
APOA2_ITGA2,0.013245046148741788
APOA2_LRP8,0.001339488624810501
APOA2_STAB2,0.009070853490386952
APOA2_FCRL4,0.0003225211218997819
ADAM12_ITGB2,0.00026372815713462255
ADAM12_ITGB3,0.0026301026844287863
ADAM12_FCRL4,0.00012942457805190574
S100A8_LRP1,0.011463818417495154
S100A8_SDC2,0.004192613584270233
S100A8_ITGAM,0.008793082997068682
S100A8_LDLR,0.21904412647135962
S100A8_F3,0.10028700779268934
S100A8_CALCR,0.004734540856070949
S100A8_IFNAR1,0.21297531317666735
S100A8_SORL1,0.0037233684384675217
S100A8_RYR1,0.01109264067019327
S100A8_CD40,0.09973814664057186
S100A8_CD79A,0.004290775661836382
S100A8_FCRL4,0.003807289411027448
COL11A1_DDR2,0.0
COL11A1_ITGA11,0.0
COL11A1_COL17A1,0.0
COL11A1_ITGA10,0.0
SFTPD_LRP6,0.001624875282627939
MMP9_ITGB5,0.0024773326214853186
MMP9_SDC2,0.001029060567003164
MMP9_ITGB3,0.021058633429939327
MMP9_ITGB8,0.022871601153667136
MMP9_CD36,0.05695586121648526
MMP9_SDC1,0.0010560956383838702
MMP9_LDLR,0.05115319981540659
MMP9_TLR4,0.03255066020006205
MMP9_LRP8,0.004319179402263749
MMP9_SDC3,0.027727891113941184
MMP9_SORL1,0.0009695846535291489
MMP9_RYR1,0.0028989354668278915
MMP9_CD79A,0.0010415024202305773
MMP9_FCRL4,0.0009802214742768438
GHRH_IFNAR2,0.0
GHRH_IFNAR1,0.0
F10_FCRL4,0.0
FGF14_FCRL4,0.0
HLA-C_RYK,0.16229765805177918
HLA-C_FZD3,0.40039554074875827
HLA-C_TFR2,0.008773767795878571
HLA-C_FCRL4,0.00851368437705767
ANXA1_FCRL4,0.007093072161867871
ACTR2_ITGB2,0.015437828611954594
ACTR2_LRP1,0.02228058253688929
ACTR2_ITGAM,0.01614627260554801
ACTR2_SDC1,0.008083662631881334
ACTR2_LRP8,0.033174883059309615
ACTR2_FCRL4,0.007411151447596802
AGRN_ITGB2,0.0009102955969582265
AGRN_ITGAM,0.0009206635408056773
AGRN_ITGB8,0.010407159318622503
AGRN_ITGA2,0.018385702298001263
AGRN_LRP8,0.0018542399291299817
AGRN_FCRL4,0.00045064374725855926
INSL3_IFNAR2,0.012708164564477145
INSL3_IFNAR1,0.016177185221931175
AVP_GRM7,0.0
AVP_LRP1,0.0
AVP_DPP4,0.0
AVP_CALCR,0.0
AVP_IFNAR2,0.0
AVP_IFNAR1,0.0
AVP_SORL1,0.0
AVP_AR,0.0
AVP_HLA-F,0.0
AVP_FCRL4,0.0
COL2A1_ITGB8,0.0
COL2A1_CD93,0.0
COL2A1_DDR2,0.0
COL2A1_ITGA11,0.0
COL2A1_CD47,0.0
COL2A1_COL17A1,0.0
RLN2_IFNAR2,0.002389957670025412
RLN2_IFNAR1,0.0030903023923868457
LAMA1_ITGB2,0.0005249813602139256
LAMA1_ITGB5,0.0005777648373768067
LAMA1_ITGAM,0.000534410205889968
LAMA1_SDC1,0.0002673452003042212
LAMA1_CD93,0.01448576906890374
LAMA1_ITGA11,0.0005308732976890864
LAMA1_CD47,0.012622641566232572
LAMA1_ITGA2B,0.0005500482985574933
LAMA1_LRP8,0.0010805636511611839
LAMA1_CD46,0.013877065160046949
LAMA1_COL17A1,0.001959494291609563
LAMA1_ROBO4,0.014924051728458038
CCL25_IFNAR2,0.0
CCL25_IFNAR1,0.0
LAMB3_ITGA11,0.0013423601418822866
LAMB3_CD47,0.03244423765009374
CCL8_IFNAR2,0.042900198631690215
CCL8_IFNAR1,0.053101321048401706
COL4A6_DDR2,0.0
COL4A6_ITGA11,0.0
COL4A6_DDR1,0.0
COL4A6_COL17A1,0.0
COL4A6_ITGA10,0.0
CCL26_IFNAR2,0.0
CCL26_IFNAR1,0.0
SPP1_EGFR,0.017449026316782433
SPP1_ERBB4,0.009705016269321454
SPP1_ITGB2,0.010115148079080864
SPP1_ITGB7,0.019632155397241894
SPP1_SDC2,0.005222524040299858
SPP1_LRP6,0.12133544253925946
SPP1_ITGB6,0.0
SPP1_TLR4,0.183094528450553
SPP1_SDC3,0.16075065267806044
SPP1_SSTR2,0.10878423652511941
SPP1_FCRL4,0.004651848694663504
LGALS9_LDLR,0.38020396762666986
LGALS9_ITGAX,0.10548431559977599
LGALS9_SORL1,0.006940550242304248
LGALS9_FCRL4,0.007043433436096649
ADM2_IFNAR2,0.1569234460928779
ADM2_IFNAR1,0.20398469428825075
ADM2_FCRL4,0.004297608180002322
CXCL12_VIPR1,0.0027106407173038884
CXCL12_ADRB3,0.002531301518252902
CXCL12_GPR84,0.0
CXCL12_IL2RG,0.07706684281217933
CXCL12_F3,0.06647706043096718
CXCL12_FZD4,0.1375573476649499
CXCL12_IFNAR2,0.11224819407857745
CXCL12_IFNAR1,0.13874059564882513
CXCL12_CD40,0.061899825246385085
CXCL12_HFE,0.006708800124331848
CXCL12_CD79A,0.002827754614282934
CXCL12_FCRL4,0.0025782432795539286
CXCL12_LILRB1,0.04803668480747725
COL4A3_ITGB8,0.0014739299932114414
COL4A3_DDR2,0.00045162893140254735
COL4A3_ITGA11,0.00012837923574842024
COL4A3_DDR1,0.0005153280719104167
COL4A3_COL17A1,0.00045132502871418037
COL4A4_ITGB8,0.00448157345224316
COL4A4_DDR2,0.0014721317775921931
COL4A4_ITGA11,0.0003972209973522168
COL4A4_DDR1,0.0016532980951118482
COL4A4_COL17A1,0.0014613232593737758
SAA1_FCRL4,6.512823988247165e-05
MDK_ERBB4,0.002006405448996645
MDK_ITGB2,0.0020469661493113713
MDK_ITGB5,0.00256402849613834
MDK_ITGB7,0.0035114726522491833
MDK_SDC2,0.0010397960925404572
MDK_ITGAM,0.002139330300655165
MDK_LRP6,0.023512400523362627
MDK_ITGB3,0.021497001003265674
MDK_ITGB6,0.0
MDK_ITGB8,0.022994545945806265
MDK_CD36,0.05864757001299349
MDK_ITGA8,0.0055267712772918585
MDK_ITGA2B,0.0022925196949350516
MDK_TNFRSF11B,0.003645714559065841
MDK_TLR4,0.03328331130157199
MDK_ITGAX,0.014730398131732218
MDK_CD151,0.06435918599391986
MDK_MUSK,0.0009807592567449006
MDK_ITGA3,0.02649311545277482
MDK_FCRL4,0.0009833581593673693
MDK_ASGR2,0.0
TF_ITGB2,0.00038967237591955474
TF_LRP1,0.0005794223652755032
TF_ITGAM,0.0003937849641272067
TF_FCRL4,0.00019304959379906308
CLEC2A_IFNAR2,0.0
TNF_LDLR,0.13872140207788394
TNF_FCRL4,0.002567708760068703
LAMA2_ITGAM,0.0011568654131534966
LAMA2_DDR2,0.004071403367052143
LAMA2_ITGA11,0.0011561080549833149
LAMA2_DDR1,0.004644124474736621
LAMA2_CD47,0.02615760974621728
LAMA2_LRP8,0.0023162454062126067
LAMA2_CD46,0.028511083782792143
LAMA2_COL17A1,0.0040680990582756815
HRAS_FCRL4,0.0003255636959761254
COL9A3_ITGB2,0.0
COL9A3_ITGAM,0.0
COL9A3_SDC1,0.0
ADM_IFNAR2,0.12139418849418775
ADM_IFNAR1,0.14909900397782194
ADM_FCRL4,0.0027228896835089843
PTHLH_IFNAR2,0.00468816993348074
PTHLH_IFNAR1,0.006092815654503348
ADCYAP1_IFNAR2,0.0
ADCYAP1_IFNAR1,0.0
ADCYAP1_FCRL4,0.0
S100A4_FCRL4,0.006787408781896384
GNRH2_IFNAR2,0.0026564515753600263
CLEC2D_IFNAR2,0.1480058077082379
CLEC2D_IFNAR1,0.19143457890049684
PODXL2_FCRL4,6.491293615482281e-05
CD34_FCRL4,6.41180882808065e-05
MUC7_FCRL4,6.454193374795048e-05
PODXL_FCRL4,0.0005133800939170103
RAET1L_IFNAR2,0.0
ULBP2_IFNAR2,0.005177374844005265
GPC3_ITGB2,0.00039064944751400683
GPC3_ITGAM,0.00039547351528781326
GPC3_LDLR,0.009388537231393585
GPC3_LRP8,0.0007969552085228881
GPC3_FCRL4,0.00019322904802182475
A2M_LRP8,0.022065188986215754
A2M_STAB2,0.1672582655091162
SERPINA1_LRP8,0.03525254706192861
SERPINA1_STAB2,0.26633176573059725
SERPINE2_LRP8,0.005369495395517501
SERPINE2_STAB2,0.03799862060023086
MMP13_LRP8,0.0005306397601689227
MMP13_STAB2,0.0035632237882273214
HPX_LRP8,0.00026487924254043217
HPX_STAB2,0.0017760465354146775
LIPC_LRP8,0.0
LIPC_STAB2,0.0
PSAP_ASGR1,0.1840683899386974
PSAP_LDLR,0.5179467168900695
PSAP_ITGAX,0.12753567271326702
PSAP_SORL1,0.0082838930896698
PSAP_LRP4,0.0
PSAP_SCARA5,0.027536368563874206
PSAP_TNFRSF21,0.2462282662175741
PSAP_CFTR,0.0
PSAP_FCRL4,0.008528923232372037
PSAP_ASGR2,0.0
SFTPA2_NOTCH2,0.0
SFTPA2_NOTCH3,0.0
SFTPA2_LRP1,0.0
SFTPA2_DDR2,0.0
SFTPA2_ITGA11,0.0
SFTPA2_FCRL4,0.0
MBL2_LRP1,0.0
MBL2_LDLR,0.0
MBL2_LRP8,0.0
MBL2_SORL1,0.0
MBL2_RYR1,0.0
MBL2_ASGR2,0.0
C1QA_NOTCH2,0.135133304996507
C1QA_NOTCH3,0.0
C1QA_LRP1,0.018073741715187826
C1QA_ITGA2,0.2814488552091209
C1QA_ITGA11,0.01378278519822346
C1QA_COL17A1,0.06110785433129734
C1QA_PTPRS,0.2127093456489309
GSTP1_FCRL4,0.0071713570245114005
GALP_IFNAR2,0.0
VEGFC_ITGB5,0.0
VEGFC_ITGB3,0.0
VEGFC_SDC3,0.0
VEGFC_FCRL4,0.0
FGF21_FCRL4,0.0
NMB_IFNAR2,0.02145871767380183
SFTPA1_FCRL4,6.455830088085173e-05
RNASE2_FCRL4,0.001649040344845381
HSPA1A_ASGR2,0.0
GC_LRP1,0.0001948702972775451
GC_FCRL4,6.487978005569812e-05
ALB_LRP1,0.0
ALB_FCRL4,0.0
INS_ITGB2,0.0
INS_LRP1,0.0
INS_LDLR,0.0
INS_SORL1,0.0
INS_RYR1,0.0
INS_PTPRS,0.0
INS_FCRL4,0.0
SCGB1A1_ITGB2,0.0
SCGB1A1_ITGAM,0.0
SCGB1A1_FCRL4,0.0
LCN2_LRP1,0.00019528538931476493
LCN2_FCRL4,6.500696280234055e-05
NRG1_LDLR,0.03091077403153332
NRG1_CFTR,0.0
NRG1_FCRL4,0.0005888645392774154
IFNE_SORT1,0.0
IFNE_ITGB2,0.0
IFNE_ITGB5,0.0
IFNE_ITGA4,0.0
IFNE_CNR1,0.0
IFNE_LRP1,0.0
IFNE_SDC2,0.0
IFNE_ITGAM,0.0
IFNE_LRP6,0.0
IFNE_SDC1,0.0
IFNE_C5AR1,0.0
IFNE_TNFRSF11B,0.0
IFNE_LDLR,0.0
IFNE_SELP,0.0
IFNE_F3,0.0
IFNE_CALCR,0.0
IFNE_TLR6,0.0
IFNE_TLR4,0.0
IFNE_SDC3,0.0
IFNE_SORL1,0.0
IFNE_AGER,0.0
IFNE_TRPM3,0.0
IFNE_RYR1,0.0
IFNE_GPIHBP1,0.0
IFNE_CD40,0.0
IFNE_HFE,0.0
IFNE_CD79A,0.0
IFNE_C1QBP,0.0
IFNE_FCRL4,0.0
IFNE_XCR1,0.0
FGL1_FCRL4,0.0
ANG_FCRL4,0.0008484188024343324
CXCL1_IFNAR2,0.08209530055515926
PPY_IFNAR2,0.0025589044196917023
CCL3_IFNAR2,0.2654995413214379
CCL3_IFNAR1,0.3239468402235471
CCL3L3_IFNAR2,0.1532478898506042
CCL3L3_IFNAR1,0.19082677324287609
FGF12_FCRL4,0.00012831526566935844
CCL15_IFNAR2,0.00231491113082791
CCL15_IFNAR1,0.0030184920353101526
CCL23_IFNAR2,0.0028049984410268985
CCL23_IFNAR1,0.0034874456355758017
CCL18_IFNAR2,0.012306438296799567
CCL18_IFNAR1,0.014989377048204444
CHAD_FCRL4,0.0
CD86_IFNAR2,0.2491264980569324
IL19_IFNAR2,0.007177410797125981
GSTO1_LRP8,0.02932570726463585
GSTO1_STAB2,0.21972430827656134
GSTO1_DCHS1,0.39896233042426144
CD59_IFNAR2,0.16591683433259513
PLTP_PLXNA1,0.0728885845907495
PLTP_ITGA7,0.009911617449601572
PLTP_PTPRB,0.3085751297057914
PLTP_RYR1,0.012814382489177562
PLTP_CFTR,0.0
PLTP_NRXN2,0.0
APOC1_LRP8,0.02263329157818003
APOC4_LRP8,0.00370523363126647
QRFP_IFNAR2,0.0
VIM_FCRL4,0.00818278658306753
